31.264301940663003
31.44230414073784
35.32827246196721
35.92871739094916
36.09835260322436
39.573363997339165
39.73660445426991
39.816290257915185
40.00983631690454
40.066305108014255
40.10437861747057
40.11889414780287
40.064250105372594
40.07103662198092
40.073171105034156
40.06607201851381
39.9829783604249
40.01358335127224
40.02123504565017
40.01391455314801
39.98320344985344
40.04378032744052
39.973750976729356
40.018210123760646
39.971674256067296
39.95728093192634
39.89541670347016
39.92127150709283
39.86349854459119
39.90736658101001
39.81043722526508
39.870599522388
39.852375548537275
39.895397397033726
39.91179441984523
39.904167636909385
39.8940528068339
39.86885067528549
39.88070280934528
39.86989397165538
39.85233052129154
39.837741423883685
39.82973229201909
39.825489189875306
39.74388511984836
39.78127342011759
39.79134226492084
39.78587638234381
39.780806010548176
39.77567073796273
39.77657128287746
39.76766332944465
39.687864192365005
39.72259013422378
39.72944116896192
39.726058457208154
39.67179063839349
39.68900449717738
39.676117080584355
39.66556348813431
39.64553211194038
39.64080384370144
39.589305976831426
39.60720985145262
39.59399951660956
39.581014640090295
39.56906488643318
39.55893994477335
39.544322313041576
39.44859068864032
39.46707217616147
39.46282866933408
39.45364293226201
39.432105023600556
39.40741819468797
39.383661906830355
38.64629549113497
39.05744404006825
39.17772193878081
39.22938594341392
39.32101735202107
39.32748463107315
39.30458273217514
39.28915057694875
39.271086665101066
39.26378823749097
39.22070142488686
39.0747698310351
39.11058770287364
39.11503113716906
39.09731839984742
39.05424496382604
39.01740024173927
38.96179684312923
38.93702517381195
38.94044496779854
38.92241449603119
38.701608888514855
38.753279268979526
38.83143660190091
37.66828871290474
